%YAML:1.0
---
camera_matrix: !!opencv-matrix
   rows: 3
   cols: 3
   dt: d
   data: [ 631.65250722579503, 0., 321.78491402649945, 0.,
       630.76062666516032, 236.54302728920598, 0., 0., 1. ]
distortion_coeddicients: !!opencv-matrix
   rows: 1
   cols: 5
   dt: d
   data: [ -0.060494569986380843, 0.34986653002529255,
       -0.0007306144328202719, -0.0015589738850138458,
       -1.1861746938568658 ]
